1003693
1004557
1006540
1006079
1007737
1000767
1007520
1000970
1005055
1006481
1003964
1009036
1001709
1002064
1003695
1008326
1004881
1005607
1001753
1005927
1003810
1003507
1001603
1008716
1008058
1001807
1001132
1009049
1008066
1004662
1009840
1003144
1006252
1001767
1001896
1009154
1000280
1004204
1009032
1004469
1000513
1000308
1003548
1006034
1007415
1000071
1009589
1007084
1009547
1001607
1004853
1006089
1002767
1004946
1004959
1009813
1003543
1009843
1008824
1002414
1001187
1009210
1004407
1001972
1007800
1009092
1002552
1004318
1007526
1005964
1001884
1007919
1002855
1005679
1008135
1000872
1003778
1002810
1009601
1009412
1004623
1006912
1000218
1006641
1001013
1005286
1007541
1002918
1003468
1005250
1008445
1003162
1002387
1006668
1008258
1007095
1008543
1007551
1003217
1007604
1004931
1006197
1009674
1004971
1002076
1003373
1004114
1005201
1007215
1004214
1000618
1005149
1008390
1005055
1002903
1008078
1002700
1005365
1003980
1002359
1003767
1002180
1000611
1009247
1008875
1000353
1003281
1002991
1000094
1006996
1002157
1003366
1006065
1007265
1004257
1004293
1006757
1005154
1001362
1002886
1005473
1004554
1008374
1009034
1001488
1005239
1001078
1008818
1006976
1003629
1004755
1002047
1004850
1006933
1006649
1002794
1000814
1009054
1007076
1008588
1003298
1006826
1007446
1009151
1009923
1006382
1004176
1003322
1005156
1001886
1001910
1001077
1008224
1005144
1009030
1007520
1000781
1005434
1005170
1001514
1005973
1007446
1002063
1002909
1003024
1003588
1009584
1008993
1003762
1001003
1005524
1003042
1005045
1000257
1000580
1007285
1007070
1006343
1005979
1004681
1006220
1002682
1008742
1002657
1004987
1008104
1002249
1006543
1009545
1004018
1008004
1004573
1000377
1007154
1004909
1005020
1008439
1000502
1007084
1006478
1007521
1000565
1000930
1001252
1004952
1005315
1001204
1004765
1006768
1004611
1006203
1002060
1007824
1006592
1004139
1006346
1009881
1003684
1005559
1006096
1000090
1002946
1001865
1007969
1007432
1004869
1008201
1009300
1001327
1006067
1004369
1001062
1003601
1003659
1006316
1002871
1007821
1001054
1004024
1009352
1005906
1003493
1005155
1008799
1009101
1004889
1008178
1002422
1006155
1002161
1004832
1005458
1003171
1002631
1007089
1004180
1006755
1008882
1001164
1008563
1009625
1006766
1008885
1005649
1005285
1005986
1005840
1009686
1001193
1005117
1003973
1003250
1007403
1003236
1006014
1000075
1006768
1004360
1006260
1005583
1003719
1007056
1007950
1009756
1006230
1006696
1000749
1002194
1006397
1002737
1002348
1007278
1007753
1006060
1006214
1002764
1001876
1009764
1006911
1006445
1005025
1007450
1004467
1005079
1006606
1005731
1000458
1004666
1003403
1004586
1003019
1003978
1000465
1006182
1002927
1004363
1009315
1007218
1009764
1006381
1006657
1000672
1009069
1005526
1003833
1006511
1007980
1004551
1001886
1009597
1002536
1001747
1000471
1005551
1009398
1009966
1002337
1008638
1002807
1005580
1000288
1005586
1005155
1005213
1001371
1001687
1001203
1005382
1002805
1004350
1001452
1002339
1000375
1003989
1008302
1007525
1007785
1007505
1000090
1001839
1007376
1004756
1008005
1009407
1007730
1003921
1006762
1001760
1008400
1007030
1003585
1004485
1007938
1004840
1001868
1006427
1006713
1008461
1008283
1004959
1001809
1007837
1007455
1004886
1006408
1000356
1001938
1001056
1007091
1002504
1005673
1007564
1004164
1006435
1001840
1001294
1000587
1005202
1002284
1004374
1004972
1003282
1003853
1004667
1007508
1009442
1005693
1002699
1002435
1001703
1007847
1007722
1004966
1006466
1003117
1000633
1003247
1003788
1004597
1000447
1007993
1005059
1003907
1004436
1006869
1009057
1003271
1003865
1008168
1005247
1000751
1007450
1009613
1005048
1003451
1003800
1002439
1004264
1004149
1008906
1009227
1006055
1009349
1008472
1001889
1005885
1004547
1007858
1008736
1004813
1007517
1009267
1003080
1001457
1005935
1006049
1005612
1000839
1000532
1000465
1005817
1001978
1009917
1000073
1002638
1003804
1008194
1001983
1000037
1006837
1000607
1003344
1008544
1009838
1008664
1002467
1001603
1002603
1000260
1002420
1009308
1007656
1004299
1008175
1006765
1006666
1001399
1002456
1007135
1007308
1002158
1002065
1007543
1002399
1007881
1001047
1001643
1004911
1004631
1002745
1004906
1008572
1005328
1005675
1008369
1004660
1004911
1007882
1003460
1009026
1007479
1003019
1005943
1003128
1000123
1001052
1005469
1008737
1000912
1004883
1007264
1007698
1007743
1003094
1008100
1004971
1001773
1004505
1003702
1005774
1005831
1002118
1008553
1002844
1008813
1001004
1004710
1004094
1005340
1009545
1004742
1008231
1003961
1005147
1004605
1005909
1000866
1000032
1003125
1000410
1007571
1003336
1000581
1005574
1000479
1009592
1008129
1000714
1002170
1003990
1006994
1002161
1005231
1001214
1009678
1002035
1007270
1002502
1003812
1009828
1001243
1001542
1009525
1000813
1006364
1008351
1004578
1006986
1005632
1000100
1006498
1001061
1008539
1000916
1007841
1003889
1008558
1006778
1006339
1004180
1002621
1003769
1005145
1006909
1009208
1000146
1008874
1005664
1009106
1006067
1003199
1009207
1006907
1003070
1004184
1005676
1001656
1000126
1000117
1005998
1006137
1002858
1002129
1006965
1006495
1000142
1001524
1006357
1004349
1004133
1001715
1009107
1000694
1005136
1003486
1003624
1002856
1003258
1000868
1002980
1008259
1004696
1006665
1008238
1006592
1004385
1009276
1005406
1000551
1006417
1006360
1008710
1000032
1002521
1003288
1003138
1006000
1009481
1002821
1002033
1001157
1004049
1005682
1004892
1007361
1006989
1003268
1009121
1004786
1005236
1003296
1009482
1008470
1000993
1001508
1004425
1000373
1004212
1007577
1007103
1006605
1004674
1000246
1005276
1009283
1000347
1000061
1008334
1006719
1005430
1007097
1001717
1002581
1006304
1008822
1008090
1005163
1008655
1001356
1004679
1006960
1009963
1003121
1003972
1004761
1003731
1008688
1009638
1004037
1006270
1009477
1005188
1000720
1007493
1000601
1000435
1001755
1006976
1008538
1005686
1001266
1000851
1002150
1003186
1007789
1009030
1007133
1007536
1009802
1000756
1009645
1000515
1005002
1002106
1005847
1009003
1001908
1009309
1004889
1004976
1008780
1009696
1001290
1009212
1005945
1001223
1001039
1005887
1005592
1004398
1003778
1006782
1006520
1005007
1006003
1003630
1002350
1008500
1002661
1009195
1006601
1003133
1000431
1000963
1007320
1003447
1004287
1009193
1003185
1007407
1008121
1004341
1005377
1006437
1007869
1009326
1000362
1006626
1001976
1004067
1002710
1003616
1008530
1003313
1006227
1003977
1009317
1006147
1000080
1006715
1005940
1003472
1005366
1006888
1004885
1001250
1009015
1004432
1009079
1004113
1007308
1005586
1002341
1009459
1008973
1005069
1003231
1001261
1008682
1008060
1002820
1001873
1002071
1009813
1001626
1003746
1001870
1009549
1005449
1002582
1000446
1008410
1006424
1009152
1006045
1001201
1009774
1007327
1006084
1005230
1002489
1002206
1007140
1000661
1001038
1000442
1008670
1006287
1003607
1007517
1003299
1005510
1002012
1007970
1009118
1007862
1000046
1000348
1002783
1001264
1000584
1007612
1000463
1006473
1005798
1003078
1009773
1000029
1009073
1002707
1007514
1004985
1006907
1000589
1007833
1004012
1006012
1004083
1009025
1001316
1002546
1005309
1002400
1009142
1004718
1008484
1008558
1004008
1005951
1009571
1004670
1003122
1002998
1006117
1002469
1006603
1007465
1003452
1001511
1008844
1009361
1004528
1005226
1009058
1004435
1000703
1008569
1003405
1001520
1001368
1006767
1007237
1002226
1007406
1004770
1002068
1006583
1009688
1007242
1006013
1008190
1004781
1007377
1005601
1008240
1005347
1002094
1009749
1004902
1006039
1001339
1000154
1002305
1003300
1000033
1004099
1007798
1005006
1008905
1003819
1000574
1006634
1000370
1004730
1002862
1000379
1009012
1004925
1000553
1000466
1007294
1008468
1008125
1008952
1004105
1005258
1002370
1004973
1009279
1005934
1002991961
1000029
1009966
965792686
